Layer Sizes:[2,4,2]
Activation Function:sigmoid
Weights {
	[
		[-1.6996176785274493,-1.5778566145400794]
		[-1.5926376557160986,-0.36231369262260965]
		[-1.886667512160726,-0.29541844827406866]
		[0.2536732778674661,-1.3984774910285702]
	]
	[
		[2.537830155784559,0.17078089891230686,1.0027084556085708,1.9660219662164116]
		[-1.1905058744014714,-0.7349344708337551,-1.5585310729652562,0.047721745160266144]
	]
}
Biases {
	[1.8113235471738405,0.27705583830942665,0.4791347483199239,0.036932903403068644]
	[-1.4270829553174667,0.33309197334492696]
}
