Layer Sizes:[5,10,10,2]
Activation Function:sigmoid
Weights {
	[
		[-0.4805836812949824,-0.5892891631090511,-3.5583912113363017,0.005919735941776603,2.7417275782853774]
		[-0.8445824996433914,0.5802183694792422,-3.1681556142277008,0.1771070267841394,0.3674036950560039]
		[0.02706097107110275,1.5882192385699516,0.48650914473246193,2.864489885701948,-2.2686184248488948]
		[0.2727875232429309,-0.7834358426672222,3.7759687222364704,2.6006521768909856,1.7288384175786522]
		[-0.07986207970136137,1.560322632071826,0.7951941708763254,3.2974066300962153,2.4480796368453217]
		[0.04262401092999378,-4.424156176234175,-1.9430020145554112,0.16587572242487827,0.02893305689790982]
		[0.26578645560580744,-3.723849406616919,-6.5231910396562425,-6.534194961579852,-4.105997886440356]
		[-1.2600454360983757,-0.03779815965912992,2.0322401716509657,0.09029482593383037,-0.2101702861457032]
		[0.1683215179664815,0.5001458790109349,2.6623571426332706,0.276839406348036,-1.3567048596986553]
		[0.34528291026562863,-2.016691888150472,-2.234085297682738,3.8016542180545123,-2.0521534422759995]
	]
	[
		[-1.447249320860227,-1.2195314474425172,0.34613647776565387,-0.8057839082065342,-1.0308086414908182,-2.0474610002571425,-2.043139405885844,-0.10682360752202558,1.218036494560436,-0.5125941802364945]
		[0.5953061916163526,1.0356140336439148,0.9551377607613983,0.46482754677956384,0.26846789818904493,-0.6454475666710996,-0.8503351243320265,0.8473332048871699,0.47269606790138713,0.3378586652936473]
		[-3.4941874198687453,-5.674680769311107,-4.189723936269934,3.0891308375800257,4.809486956149905,-8.196526093697255,-1.478632195969884,6.58664640728544,6.368403380920418,-4.38285030685147]
		[-0.09984162586945239,1.962862505316124,-0.026521838880969595,0.18173146592769945,2.429271766722925,1.5382067198160203,0.10566401693022122,-0.13698427586585424,1.4532723059858095,-1.2860856629008066]
		[-0.129972756010819,0.6397687495907354,-0.4405916604943841,0.8532756834939871,0.22698308307949963,0.436788684383765,1.1536655228152977,0.37478453129532613,0.39235558151902467,-1.952387202242691]
		[-1.148529334232529,-2.373468811073778,-2.044936776388911,0.4047467900823455,-0.45665955486372983,2.0648287745653477,0.5867212180060123,-0.8076715315663155,0.6056827916515385,-2.138094153532011]
		[0.75000166752095,1.6847794611730051,0.19778974201687968,-2.279990919030155,-1.4773578418590445,2.4630760137924494,1.67981168048355,0.06703447169848151,-1.0845937298451889,3.7707781653919947]
		[1.8671616206180812,3.801694911367625,2.301850360169405,-2.638660148743682,-2.608487193660524,5.975094695199805,1.482588015179886,-4.112040396639091,-4.111092214654927,3.4493502229222073]
		[-2.7884199025509098,-3.916592930527764,-3.9744164300256704,2.814998822834153,3.1996784676302106,-6.650785061134886,-2.069796602548943,4.951942803670089,5.561190354586011,-3.5962524455453826]
		[0.6704050018885044,1.852955556764801,0.6073530708305108,-0.43650573034340484,-1.0411910033592884,2.2896911044629107,1.354653736547034,-0.7570981098911875,-0.3993758957724323,0.9343774810436127]
	]
	[
		[-2.598340845358623,0.8817118842971847,-12.347815131841726,0.6550713249927399,-0.12835537375718492,-2.479226516998143,3.5833450228618697,8.488215828347352,-9.793177953104477,3.29645320490427]
		[2.8309267579317217,-0.40833875810384596,12.44412598778256,-0.9799765924403938,-0.15510784102628616,2.7276819863374415,-4.283391073365508,-7.955951556112414,10.057514339680736,-2.295984932447654]
	]
}
Biases {
	[7.953247957013841,3.2513444483113694,1.297721491041895,-5.365084082468441,-1.6069763065174103,6.597978094995064,-1.3485425018273995,-3.5657413518804937,-0.4859969414629086,1.9191502393436504]
	[1.9698844505271484,0.07816112111651012,6.243689309285948,1.0907083893746927,-0.8683196588613414,0.4636111357961753,-1.598037859308329,-4.487019604478809,5.3058496666438115,-2.4607168433744016]
	[0.5570094732270938,-1.1789183720344196]
}
