Layer Sizes:[5,10,10,2]
Activation Function:sigmoid
Weights {
	[
		[-0.06548335991450963,-0.6366024195990418,-3.414930398923626,-0.185670965697811,0.6327228538199151]
		[1.0109074375507,1.8685344019541976,-1.2876681990644934,-0.10218259064163408,0.34679302598119677]
		[0.410192152417119,-0.7690076240992847,-2.884246172894963,0.04076879467914266,0.12798548019638217]
		[0.09081304929517031,-1.2301550830850623,-1.031626372605393,0.17461090302485532,-1.7210205644385534]
		[-0.08000570352099695,0.9281310303374398,-0.4688345020410143,3.033785453218461,-2.7667706665630076]
		[1.1587464907196823,-2.169667158397971,2.5989120527584633,0.06502362295934239,-0.5455825338285675]
		[-2.3450470987879046,1.4125157584859473,1.199234003299488,0.1286283588338696,-0.06487656426294425]
		[0.07886302004526136,-0.43988350323451475,-1.4712571359981355,-2.176012495850577,-1.7732125595531665]
		[-0.14062183178787455,0.7105935729392094,-0.4364978500935101,-2.129057706790212,1.566241386151337]
		[-0.07412655313406072,3.5950032925564055,1.3951881979708955,-0.05202628598214612,-0.18474236481570114]
	]
	[
		[-2.2044676296286254,-1.659551413935424,-2.147034095361513,1.9281597365180332,-1.4045226573967713,1.493195643733475,-1.3672851922742917,-2.8677584201196633,1.9723590851376949,5.433522241170888]
		[-0.19990189354568305,-1.1810224315155526,0.04718247663074379,1.083660901408163,0.5410689634812793,0.1889558820217152,-0.5077903684469905,-0.7145415157079736,-0.425204463554074,1.302518862476006]
		[-3.015390474220528,0.9477099928482311,-0.2950561708030815,2.2474180227500273,-0.9695908376985888,2.3402977097819737,-0.1872233763591715,-0.5611263475683338,-0.35775438843133095,-0.299277774278009]
		[-1.1289715282388368,-0.9056011171579946,-2.298895560127092,-0.7291742808630791,-0.8204281871832216,1.2870016090554877,-1.0607092959236595,-1.1254681040172132,1.4059360703973174,4.461810453409368]
		[-1.3698239988669507,-1.7390693285162122,-1.7770514091496732,0.07289221884624648,-0.5941462032039081,-1.0051402471656392,2.004467653572866,-1.4854661553076436,0.4954275061015534,1.2710032534263234]
		[0.960612614481593,0.37549621352834023,2.8157159713212256,1.3659002331680603,0.7752275391618645,-1.2749982270941518,0.8736197771092684,1.0743056892927734,-1.0000867793976496,-1.4671498440901367]
		[-0.3867751232148637,0.0317420248776094,0.7979688937884929,1.6361412380244702,-0.5816868216247899,0.8424899445010454,1.2217743510912196,0.17258979525091087,0.8383864885442645,-1.5713880691984425]
		[0.7927945510791989,-0.3626330432408616,0.7214130067300045,-0.24970633190610422,0.1867883846169299,-1.3874809598399764,1.050287744327505,1.9822237307999577,-0.19422872222515056,0.4178291286820081]
		[0.11185004648448911,0.6168354810571512,0.12108112405209864,0.7861877708497361,0.9569636230875154,1.307060032537343,0.13111022773801448,1.8372146454113216,-0.0060784330079073955,1.6624749877661515]
		[1.8371675450078246,2.4898719433705754,2.1030975462676214,-2.809209762552805,0.8091551048815805,-2.2836727893821345,1.3643893337341912,3.245056828876754,-2.9657327259978907,-6.1549253205618335]
	]
	[
		[-5.6767010677876355,-1.295001610577363,-1.6518978148262888,-4.254246706547938,-2.1531691254572016,2.4671757893821775,-0.04562420780369145,1.3670172423282594,0.7092469042918349,6.342601267847656]
		[5.951509679718777,0.22574768839311457,2.2281504648224977,3.666775625111623,3.0340069311047095,-2.3389170851625334,-0.4447709044307224,-1.3787614860746427,0.6304522623132905,-6.235866815041722]
	]
}
Biases {
	[3.1941898035783294,0.6881276262041188,2.5969928843232433,-2.316602073945116,2.060923085035946,-0.7193719559148769,2.2959504240190207,1.9823030813159772,0.6720173603831546,-5.179467110023715]
	[2.3550757572145873,0.8525477099013617,-1.4524499060044787,0.8602250364538757,-0.1789257580689739,-1.6291914324689187,-1.1153123016119504,-0.49499115564482143,-0.4465060948386516,-1.0945378226135047]
	[-0.6032155995129252,-0.0784025867837286]
}
