Layer Sizes:[2,6,2]
Activation Function:sigmoid
Weights {
	[
		[-1.4044469444909211,-1.001545549444543]
		[1.293178163665459,0.8996862146208612]
		[0.8226422212342014,1.3287177683693006]
		[0.3156352709742891,-0.1781740634938111]
		[-0.6824682414134483,-0.07399750716557178]
		[0.4710277899258349,0.6514764430537292]
	]
	[
		[1.7435996538178802,-0.5001796923901891,-1.8470709079467686,0.46859117337245165,0.9238566779877115,-0.7842931604120263]
		[-3.078936923490061,1.7988548918032226,0.8648534744122549,-0.4679759922706748,0.31480271031801776,0.219842566101553]
	]
}
Biases {
	[0.8188433667068808,-0.9785199463622968,-0.5221416669680476,0.3663701519403357,-0.2517075135458041,0.1663917995428856]
	[2.3405195679417905,0.1831710406937679]
}
